T001:42,46,21,24,14,38,92,14,64,98,91,82,79,93,58,28,32,1,2,3,4,5,6,7,8,9,79,41,12,53,16,43,60,95
T002:55,32,22,93,83,29,53,71,61,82,47,96,69,36,87,81,57,38,53,72,21
T003:73,61,11,38,69,51,52,14,52,95,56,44,34,27,56,61,87,37,50,97,38,95,56,65,60,12,41,59,52,32,1,2,3,4,5,6,7,8,9,30
T004:36,93,29,40,41,45,87,17,85,85,74,14,29,19,79,47,98,1,2,3,4,5,6,7,8,9
T005:91,94,70,59,32,93,20,95,55,43,82,85,87,77,67,42,73,61,42,1,2,3,4,5,6,7,8,9,23,70,84,40,77,27
T006:79,67,91,59,61,40,29,17,11,56,30,51,39,46,29,67,35,38,63,38,88,21,95,38,87,87,55,46,1,2,3,4,5,6,7,8,9
T007:82,96,72,33,50,62,42,57,91,57,77,45,36,86,54,79,71,13,95,94,67,96,59,31,78,1,2,3,4,5,6,7,8,9,62,77
T008:31,17,56,61,56,15,73,25,49,47,87,72,28,38,86,41,30
T009:32,36,35,20,37,83,88,43,19,27,97,58,51,50,97,42,82,26,98,55,43,24,97,30,51,64,1,2,3,4,5,6,7,8,9,86,73,92,90
T010:91,63,90,26,39,45,36,38,24,54,52,60,92,22,30,90
T011:85,17,43,17,63,40,98,25,57,73,96,69,33,44,15,39
T012:60,25,38,26,80,63,29,58,19,22,79,86,61,41,94,31,91,1,2,3,4,5,6,7,8,9,36,98,13,50
T013:27,91,21,98,49,81,73,81,92,55,88,59,57,33
T014:47,62,46,39,33,23,83,69,27,15,42,91,83,41,58,10,54,26,77,54,88,65,41,42,11,1,2,3,4,5,6,7,8,9,93,58,57,82
T015:76,87,92,55,15,48,36,86,22,75,68,18,47,56,64,33,22,21,21
T016:44,43,26,63,13,33,20,58,77,26,79,54,64,65,65,68,89,73,24,19,30,55,34,78
T017:61,39,59,59,54,43,47,52,88,64,31,58,69,34,43,89,85,47,94,23,41,20,94,70,22,1,2,3,4,5,6,7,8,9,44,30,77
T018:56,94,59,60,88,50,70,93,67,29,31,64,15,93,30,45,44
T019:18,91,21,95,22,90,12,44,88,34,18,86,24,14,61,13,31,76,60,70,88,70,77,24,73,57,80,91,17,23,1,2,3,4,5,6,7,8,9
T020:77,78,34,75,77,28,76,59,32,14,48,70,74,49,28,93,41,43,47,15,86,95,40,56,64,1,2,3,4,5,6,7,8,9
T021:33,98,53,67,56,26,57,65,24,86,93,63,35,46,71,19,93,23,35,52,25,24,61,13,54,34,31
T022:94,81,95,67,53,44,91,60,46,79,41,79,51,72,13,92,28,30
T023:74,52,46,74,11,25,33,47,24,94,54,47,33,25
T024:49,51,81,41,32,21,61,63,94,59,60,24,45,61,90,61,89,43,61,74
T025:83,58,58,96,62,56,12,50,67,45,14,44,52,55,93,94,14
T026:31,60,47,98,91,85,61,62,11,19,55,18,26,54
T027:55,58,44,96,84,66,68,98,43,11,78,18
T028:85,67,63,64,48,49,35,62,91,50,75,69,81,95
T029:28,95,48,97,41,61,63,95,90,69,87,71,81,80,75,46,97,51,55,29,53,91,69,95,38,49,74,37,1,2,3,4,5,6,7,8,9,81,49,95
T030:91,34,60,83,62,29,85,11,78,64,22,28,12,94,52,16,91,81,72,61,31,90,16,54,10,34,65,94,98,1,2,3,4,5,6,7,8,9,21,29
T031:54,84,11,23,63,53,98,56,84,18,75,88,36,93,38,31,37,68,1,2,3,4,5,6,7,8,9,85,15,35,39,47,20,57
T032:51,48,31,18,89,80,16,27,41,43,83,94,83,31,20,28,84,86
T033:83,98,71,25,13,80,19,68,47,79,47,82,39,41,38,91,15,93,44,11,42,62,24,91,73,84
T034:54,90,12,12,20,37,95,79,59,40,17,15,90,20
T035:66,94,39,13,60,29,97,32,19,84,90,76,91,69,82,11,27,32,70
T036:59,26,60,89,14,46,34,86,80,76,76,86,13,16,76,10
T037:63,77,77,75,56,13,72,58,18,26,56,98,96,35,22,79,81,20,80,69,27,67,13,27,82,89,66,24,15,1,2,3,4,5,6,7,8,9,94
T038:33,32,51,24,20,67,77,97,56,55,56,28,86,12,54
T039:15,12,17,24,61,17,60,46,12,56,70,80,28,53,55,51,95,45
T040:96,96,35,28,93,64,15,36,12,85,10,45,47
T041:52,83,23,76,37,56,86,24,74,42,55,86,50,67,65,37,10
T042:36,81,38,78,90,49,56,45,75,91,30,66
T043:73,60,61,97,57,28,48,42,13,87,78,86,71,74,40,48,55,1,2,3,4,5,6,7,8,9,51,66,17,94,39,74,89,25,70,68,16,27,47,82
T044:26,15,76,20,72,38,27,84,18,30,83,72,58,64,66,59,63,89,44,58,30,1,2,3,4,5,6,7,8,9,51,83,31,89
T045:10,47,53,32,98,69,76,93,81,15,74,21
T046:91,53,30,84,17,85,58,76,62,92,14,78,29,88,84
T047:19,75,78,95,44,19,83,94,50,55,43,29,41,54,19,59,46,17,45,29,79,17
T048:90,57,11,10,97,79,17,19,29,90,50,87,38,92,35,95,97,61,38,11,12,48,28,1,2,3,4,5,6,7,8,9,76,78
T049:20,76,50,80,12,46,78,48,85,97,43,55,14,14,80,62,29,80,56,82,98,69,19,23,29,1,2,3,4,5,6,7,8,9,44,26
T050:84,43,63,79,54,48,62,13,87,87,56,87,86,75,34,79,82,74,20,19,1,2,3,4,5,6,7,8,9,59,30,27,98,63,49,54,39
T051:31,24,13,12,70,44,30,22,41,64,17,78,31,12,40,58,81,56,56,1,2,3,4,5,6,7,8,9,83,93,18,48,50,98,59
T052:45,76,10,45,60,10,55,16,20,48,75,58,60,12,58,31,15
T053:17,43,13,32,80,54,45,13,46,78,59,96,94,51,38,67,81,81,21,75,19,74,52,18,79,1,2,3,4,5,6,7,8,9,89,60,18,47,58,30
T054:42,70,16,61,36,84,32,20,78,12,50,47,14,77,43,81,41,90,16,94,30,50,41,68,62,72,51,15,1,2,3,4,5,6,7,8,9,68
T055:70,13,21,76,89,61,42,75,25,23,62,76,72,74,27,97,59,36,41,58,1,2,3,4,5,6,7,8,9,70,59,85,50
T056:26,26,56,61,72,44,77,90,51,78,72,57,77,32,64,95,46,62,44,66,15,30,1,2,3,4,5,6,7,8,9,73,66
T057:53,31,41,54,88,32,76,15,28,48,53,45,14,26,51,80,59,10,29,57,86,88
T058:30,39,47,62,22,46,82,89,35,42,59,36,28,14,88,85,67,57,76,19,76,27
T059:78,22,34,44,96,56,64,48,11,18,65,74,38,93,98,21,34,47,30
T060:31,18,86,33,79,49,70,88,35,16,97,58,78,30,63,57,59
T061:24,49,11,39,96,16,30,20,43,33,33,58,17,14,95,35,31,1,2,3,4,5,6,7,8,9,68,62,93,20
T062:33,15,25,89,85,35,93,54,38,81,64,15,77,62,33,21,68,81,74,80,72,82,40,47
T063:10,49,75,39,18,76,64,13,22,95,66,26,17,52,93,26,51,83,22,88,1,2,3,4,5,6,7,8,9,95,44,67
T064:97,98,51,20,67,23,13,20,91,77,73,59,84,86,70,92,54,1,2,3,4,5,6,7,8,9,29,79,93,79,83,37,84,71,54,74,95,86,95
T065:34,95,72,29,70,18,70,23,10,20,64,32,56,51,25,36,70,96,87,17,14,16,77
T066:86,37,84,25,26,81,64,45,93,15,81,78,14,71,25,76,58
T067:90,79,75,51,93,70,43,44,37,36,43,46,63,54,54,84,35,32,16,28,71,42,31,70,72
T068:39,31,12,89,86,98,69,20,56,60,22,76,47,37,67,61,59,45,67,13,27,60,96,21,58,57,10
T069:12,16,59,10,47,40,86,29,85,43,23,35,19,26,34,85
T070:45,96,52,17,51,80,17,24,88,79,83,24,22,43,34,69,50,21,70,58,1,2,3,4,5,6,7,8,9,29,29,13,82,51,97,93,52,15,59,29
T071:43,86,38,41,82,35,72,50,43,87,51,20,31,33,98,50,13,72,20,72,59
T072:30,62,71,76,47,24,69,87,14,73,44,25,46,66,25,34,78,1,2,3,4,5,6,7,8,9,67,86,36,72,19,48,64,27,51,63,40,44
T073:44,18,94,53,72,81,41,36,17,42,70,86,85,30,73,20,50,39,53,82,1,2,3,4,5,6,7,8,9,96,52,41,40,35,93,17,40
T074:91,89,68,88,41,90,37,26,91,32,16,89,59,86,61,57,75,29,71,1,2,3,4,5,6,7,8,9,71,74,12,50,97,57,75,51,39,77,40
T075:61,74,80,48,64,24,95,12,67,88,79,35,10,33,48,76,37,21
T076:26,51,95,64,84,17,24,51,77,21,45,57,10,16,24
T077:18,71,38,20,46,16,62,15,94,41,79,89,55,24,94,54,72,94,18
T078:87,27,93,27,32,64,96,83,56,98,29,70,22,73,92,51,20,92,59,89,68,16,32,93,14,94,52,63,1,2,3,4,5,6,7,8,9,89,71,85
T079:79,15,26,75,66,47,31,38,89,46,53,12,28,97,14,51,57,38
T080:43,10,41,22,37,15,53,52,35,27,72,24,75,61,71,35,87,32,94,24,61,80,95,30,36,1,2,3,4,5,6,7,8,9,11,13
T081:38,78,91,36,71,49,68,13,84,23,13,81,79,33,31,55,15,18,18,61,13,38,45,1,2,3,4,5,6,7,8,9,51,30
T082:80,73,26,61,45,56,54,20,64,72,14,85,17,58,44,24,38,14
T083:50,66,92,51,42,98,88,13,71,78,75,19,59,64,36,32,29,55,1,2,3,4,5,6,7,8,9,42,97,61,76,63,40,10,36,72
T084:34,30,22,12,51,83,98,57,67,20,20,70,46
T085:33,72,43,11,92,79,27,81,24,57,16,19,30,46,82,14,48,42,83,49,78
T086:15,56,11,68,74,93,40,20,92,61,55,26,31,27,69
T087:82,74,22,82,37,22,58,74,29,45,33,75,97,98,20,94,49,62
T088:42,40,39,38,75,97,67,34,63,50,28,84,55,52,57,37
T089:38,92,75,17,34,45,43,33,35,75,36,88,87,57,84,78,67,45,72,47,63,1,2,3,4,5,6,7,8,9,57,10,82,98,27,42,94,13,21
T090:89,97,65,66,35,55,34,26,94,35,85,10,63,11,18,40,72,20,14,93,90,1,2,3,4,5,6,7,8,9
T091:83,89,11,40,32,35,58,53,76,96,82,52
T092:25,13,25,30,76,76,48,61,14,10,30,47,71,96,96,38,77,50,19,71,38,20,41,81,24,13,1,2,3,4,5,6,7,8,9,71,46,50,47,72
T093:26,19,90,55,37,46,12,26,39,35,90,50,55,47,81,68,95,90,38,47,21,38,88,77,70,82
T094:47,13,25,44,17,40,41,94,11,45,58,79
T095:98,85,28,86,29,51,14,80,51,28,15,48,80,25,67,89,94,80,64,1,2,3,4,5,6,7,8,9,31
T096:33,19,34,55,28,62,50,65,82,52,58,78,20,40,34,87,72
T097:13,90,75,42,30,61,87,76,63,97,91,29,29,36,25,98,32,41,48,50,36,50,1,2,3,4,5,6,7,8,9,72,68,55,83,15,91,20,32
T098:72,66,21,40,69,91,52,42,15,52,24,46,80,40,34,53,15,66,32,80,93,11,38,92,60,27,12,1,2,3,4,5,6,7,8,9,37,77,88,62
T099:48,96,68,57,53,32,36,36,92,93,20,33,24,95,65,70,57,34,33,75,14,41,62,19,81,92,1,2,3,4,5,6,7,8,9,66
T100:57,67,92,83,94,81,32,76,34,70,35,83,20,65,62,94,77,69,12,63,98,29,71,71,94,1,2,3,4,5,6,7,8,9
T101:59,61,53,75,48,53,55,49,36,75,48,93,41,29,60,12,67,80,65,16,36,76,62,37,96
T102:71,38,93,32,30,12,49,24,84,59,95,75,60,58,82,54,33,62,93,27,59,1,2,3,4,5,6,7,8,9,92,83,86,74,60,11
T103:28,71,20,22,35,47,27,36,38,52,82,19,53,13,95,35,32,1,2,3,4,5,6,7,8,9,85,64,12,53,18,90,59,37,33,94,90
T104:98,82,66,34,38,82,97,74,11,80,12,21,11,76,65,74,32,74,94,47,64,94,24,54,54,53,79
T105:85,76,12,67,94,51,94,68,10,45,29,81,10,88,53,13
T106:73,25,36,55,10,29,33,69,94,61,92,60,12,55,65,67,29,57,51,62,83,12,41,34,57,41,20,54
T107:64,93,79,60,66,20,41,84,27,19,31,87,43,68,56,34,25,35,1,2,3,4,5,6,7,8,9,31,23,75,69,52,60,44,67
T108:35,97,48,97,59,41,38,31,27,11,13,67,13
T109:92,34,93,86,38,23,37,48,22,19,80,23,19,96,17,26,49,18,79,51,85,66
T110:95,87,46,49,23,31,78,26,58,85,44,71
T111:77,81,32,98,82,30,69,25,79,31,65,31,84,90,75,42,31,40,53,97,25,37,18,97
T112:28,20,33,49,40,58,49,53,56,66,68,91,29,90,10,37,60,41,78,50,38,35,96,73,85,52,56,52,34,63,1,2,3,4,5,6,7,8,9,79
T113:42,46,58,53,10,64,82,98,71,11,74,88,66,19,11,60
T114:76,81,79,17,96,56,74,75,95,39,54,65,63,94,93
T115:32,72,90,72,95,17,97,68,40,82,58,57,19,36,63,49,80,19
T116:69,75,83,93,98,89,87,94,33,42,43,74,24,44,45,49,12,73,49
T117:21,41,83,75,50,20,55,48,14,84,51,55,47,91,59,26,87,48,69
T118:36,90,96,56,20,34,64,58,97,46,39,19,24,14,54,60,58,46,15,60
T119:51,24,45,63,43,33,68,32,26,22,73,20,23,17,94,19,47,1,2,3,4,5,6,7,8,9,26,86,67,81,36,26,91,33,70
T120:20,69,80,86,87,21,11,73,62,85,35,70,95,57,41,14,43
T121:39,94,85,83,75,22,34,72,92,22,30,61,15,84,27,51,65,88,15,28,52,29,38,70,77,64,1,2,3,4,5,6,7,8,9,70,49,12,11
T122:98,84,10,81,75,31,53,22,63,60,53,82,22,78,14,57,63,93,54,90,23,29
T123:32,83,36,75,87,29,63,62,33,38,92,59,33,35,74,80,42,1,2,3,4,5,6,7,8,9,20,47,92
T124:36,83,60,20,33,41,98,31,77,44,77,44,73,67,57,91,91,47,41,38,1,2,3,4,5,6,7,8,9,22,11,57,32,39,73,90,23,58,89,30
T125:88,72,95,79,71,86,97,27,11,25,58,71,77,96,41
T126:27,10,79,23,77,89,95,77,66,98,14,46,83,68,62,44,59,51,75,98,82,30,67,70,48
T127:38,34,61,19,41,25,43,49,88,51,35,26,82,24,33,95,36,34,60
T128:49,35,79,46,28,76,32,24,87,28,76,35,28,58,34
T129:40,55,83,13,67,59,44,89,12,74,33,48,41,26,96,90,54,54,28,88,32
T130:91,29,75,76,97,80,42,47,89,28,33,21,79,64,54,59
T131:62,22,19,36,95,36,28,55,62,42,25,48,97,55
T132:32,51,41,84,77,95,85,81,94,60,69,38,83,11,64,64,87,67,60,88
T133:85,38,54,25,88,92,53,60,45,23,65,74,37
T134:26,71,39,19,37,73,88,83,87,55,31,73
T135:54,51,63,90,64,10,63,36,73,36,83,70,57,47,55,91,97,48,69,17,76,12,64,1,2,3,4,5,6,7,8,9,69,22,25,65,79,11
T136:83,43,89,85,42,37,78,78,44,39,27,70,41
T137:74,96,32,20,91,82,96,36,97,22,97,47,45,94,87,98,55,23,83,1,2,3,4,5,6,7,8,9,17,81,17,27
T138:44,55,95,79,11,65,12,43,70,84,91,53,40,31,92,17,45,57,35,1,2,3,4,5,6,7,8,9,73,69,81,15,26,20,57,12,67,86
T139:42,32,16,48,42,66,76,89,60,80,28,69,57,32
T140:73,85,77,11,56,47,53,58,25,95,44,31,38,70
T141:92,25,85,48,64,93,30,20,35,37,25,76,81
T142:44,88,73,57,59,57,50,15,95,44,87,23,37,60,52,47,67
T143:29,72,63,87,92,26,54,39,37,14,68,49,35,96
